Geo_FIPS,SE_T017_001,SE_T017_002,SE_T017_003,SE_T017_004,SE_T017_005,SE_T017_006,SE_T017_007,SE_T017_008,SE_T017_009
48201100000,2021,415,372,43,0,43,1606,1148,458
48201210100,58,43,20,23,4,19,15,11,4
48201210400,1584,951,415,536,143,393,633,260,373
48201210500,1809,1298,686,612,144,468,511,331,180
48201210600,1973,1224,718,506,172,334,749,356,393
48201210700,714,478,225,253,66,187,236,130,106
48201210800,812,502,231,271,88,183,310,182,128
48201210900,527,388,143,245,62,183,139,44,95
48201211000,757,435,171,264,109,155,322,216,106
48201211100,1922,1078,408,670,104,566,844,513,331
48201211200,891,578,202,376,7,369,313,139,174
48201211300,1930,1107,351,756,127,629,823,497,326
48201211400,1455,859,320,539,70,469,596,342,254
48201211500,1955,1438,943,495,77,418,517,334,183
48201211600,985,579,328,251,66,185,406,313,93
48201211700,1350,854,488,366,40,326,496,238,258
48201211900,1535,1272,726,546,97,449,263,129,134
48201212300,1711,1205,451,754,161,593,506,333,173
48201212400,903,696,367,329,83,246,207,142,65
48201212500,1332,735,455,280,30,250,597,284,313
48201220100,740,557,251,306,135,171,183,97,86
48201220200,849,612,351,261,106,155,237,115,122
48201220300,1220,869,644,225,71,154,351,236,115
48201220400,1257,986,651,335,97,238,271,111,160
48201220500,1844,875,676,199,57,142,969,508,461
48201220600,1118,809,414,395,118,277,309,198,111
48201220700,1713,1208,522,686,175,511,505,294,211
48201220800,869,612,204,408,107,301,257,138,119
48201220900,449,329,184,145,59,86,120,39,81
48201221000,874,679,402,277,114,163,195,47,148
48201221100,966,761,545,216,64,152,205,114,91
48201221200,1609,1385,843,542,180,362,224,83,141
48201221300,2298,1789,1103,686,252,434,509,339,170
48201221400,1797,1382,711,671,277,394,415,248,167
48201221500,2508,2077,1008,1069,201,868,431,199,232
48201221600,2509,2225,1377,848,261,587,284,190,94
48201221700,2139,1949,1129,820,276,544,190,42,148
48201221800,1007,740,486,254,76,178,267,181,86
48201221900,1159,932,645,287,68,219,227,158,69
48201222000,592,464,330,134,32,102,128,62,66
48201222100,1292,1076,660,416,88,328,216,132,84
48201222200,986,792,498,294,127,167,194,165,29
48201222300,1142,960,539,421,157,264,182,112,70
48201222401,876,707,357,350,123,227,169,89,80
48201222402,1428,1339,970,369,93,276,89,65,24
48201222501,1015,792,358,434,179,255,223,171,52
48201222502,988,868,505,363,148,215,120,72,48
48201222503,1799,1498,736,762,301,461,301,164,137
48201222600,1762,990,347,643,251,392,772,494,278
48201222700,2106,1249,266,983,171,812,857,331,526
48201222800,824,661,414,247,126,121,163,128,35
48201222900,2092,1845,1297,548,157,391,247,159,88
48201223001,1020,898,430,468,89,379,122,56,66
48201223002,1159,923,531,392,166,226,236,100,136
48201223100,551,446,282,164,67,97,105,30,75
48201230100,466,329,197,132,21,111,137,51,86
48201230200,1774,986,462,524,137,387,788,436,352
48201230300,723,360,116,244,81,163,363,230,133
48201230400,1150,760,204,556,153,403,390,239,151
48201230500,1057,736,456,280,31,249,321,245,76
48201230600,863,521,265,256,93,163,342,160,182
48201230700,925,582,233,349,124,225,343,182,161
48201230800,852,545,227,318,71,247,307,115,192
48201230900,1399,811,368,443,58,385,588,271,317
48201231000,1282,861,376,485,45,440,421,268,153
48201231100,1325,960,743,217,53,164,365,217,148
48201231200,2211,1801,686,1115,222,893,410,116,294
48201231300,1457,997,515,482,90,392,460,227,233
48201231400,898,654,269,385,119,266,244,99,145
48201231500,959,710,281,429,150,279,249,82,167
48201231600,1008,689,313,376,67,309,319,159,160
48201231700,945,690,478,212,90,122,255,192,63
48201231800,800,569,378,191,55,136,231,96,135
48201231900,2263,1449,678,771,306,465,814,377,437
48201232000,1163,942,639,303,12,291,221,114,107
48201232100,835,570,268,302,100,202,265,184,81
48201232200,5161,3381,2367,1014,386,628,1780,841,939
48201232301,3003,2564,1602,962,258,704,439,280,159
48201232302,2789,2515,1861,654,52,602,274,179,95
48201232401,2471,2188,1420,768,134,634,283,177,106
48201232402,1171,869,520,349,45,304,302,165,137
48201232403,1409,1022,601,421,142,279,387,233,154
48201232500,783,600,401,199,47,152,183,111,72
48201232600,901,733,552,181,61,120,168,74,94
48201232701,2354,1801,1048,753,303,450,553,326,227
48201232702,1970,1397,811,586,172,414,573,313,260
48201232800,2130,1320,721,599,154,445,810,550,260
48201232900,2777,1801,1097,704,142,562,976,579,397
48201233001,1305,790,361,429,64,365,515,358,157
48201233002,1188,1024,830,194,48,146,164,57,107
48201233003,817,654,427,227,76,151,163,54,109
48201233101,1219,873,548,325,126,199,346,189,157
48201233102,1785,1459,945,514,163,351,326,216,110
48201233103,1383,1091,575,516,188,328,292,176,116
48201233200,1713,1261,950,311,160,151,452,333,119
48201233300,1303,1094,782,312,129,183,209,116,93
48201233400,974,554,367,187,49,138,420,197,223
48201233500,2193,1760,1356,404,152,252,433,310,123
48201233600,756,462,244,218,32,186,294,116,178
48201233701,1466,1193,670,523,150,373,273,181,92
48201233702,815,680,452,228,0,228,135,69,66
48201233703,662,555,355,200,36,164,107,38,69
48201240100,1582,923,345,578,128,450,659,375,284
48201240400,2133,1550,1074,476,130,346,583,340,243
48201240501,2291,1277,560,717,167,550,1014,621,393
48201240502,2021,1296,353,943,48,895,725,488,237
48201240600,1017,563,160,403,86,317,454,271,183
48201240701,4546,3879,2377,1502,352,1150,667,527,140
48201240702,3242,2932,1760,1172,350,822,310,264,46
48201240801,2552,1699,747,952,404,548,853,484,369
48201240802,1378,964,636,328,64,264,414,210,204
48201240901,3105,2513,1883,630,191,439,592,325,267
48201240902,4184,3161,2208,953,250,703,1023,250,773
48201241000,2719,2007,1400,607,66,541,712,350,362
48201241101,1565,1183,776,407,57,350,382,279,103
48201241102,3792,2863,2061,802,228,574,929,527,402
48201241103,1462,1093,624,469,49,420,369,181,188
48201241200,2295,1804,1200,604,224,380,491,155,336
48201241300,3989,3096,2654,442,88,354,893,309,584
48201241400,3008,2107,1729,378,19,359,901,487,414
48201241500,3034,2078,975,1103,218,885,956,475,481
48201250100,2481,2098,1473,625,319,306,383,182,201
48201250200,2822,2165,1599,566,132,434,657,237,420
48201250301,2128,1566,979,587,230,357,562,404,158
48201250302,3485,2761,2048,713,168,545,724,398,326
48201250401,3584,2988,2309,679,67,612,596,248,348
48201250402,5660,4763,4029,734,203,531,897,583,314
48201250500,1930,1366,984,382,52,330,564,212,352
48201250600,2932,1942,1117,825,236,589,990,492,498
48201250701,1837,1468,1082,386,139,247,369,119,250
48201250702,1547,1313,1066,247,122,125,234,48,186
48201250800,2884,2407,2026,381,169,212,477,187,290
48201250900,3609,2565,2314,251,137,114,1044,403,641
48201251000,1329,908,650,258,105,153,421,179,242
48201251100,2998,2230,1938,292,24,268,768,304,464
48201251200,2127,1686,1410,276,0,276,441,181,260
48201251300,2738,2291,2040,251,109,142,447,201,246
48201251401,817,735,643,92,17,75,82,41,41
48201251402,2375,1556,1095,461,120,341,819,372,447
48201251501,1592,1386,1216,170,135,35,206,144,62
48201251502,3586,2941,2586,355,71,284,645,379,266
48201251503,746,623,552,71,33,38,123,80,43
48201251600,2120,1664,1343,321,101,220,456,208,248
48201251700,2894,2110,1503,607,324,283,784,437,347
48201251800,708,618,565,53,14,39,90,42,48
48201251901,3256,2726,2057,669,330,339,530,294,236
48201251902,1839,1429,1095,334,211,123,410,258,152
48201252000,4557,3774,2902,872,258,614,783,391,392
48201252100,650,498,399,99,46,53,152,68,84
48201252200,2706,1877,1402,475,153,322,829,391,438
48201252301,2527,2208,1400,808,174,634,319,87,232
48201252302,3652,2759,2135,624,190,434,893,694,199
48201252400,2086,1608,1100,508,183,325,478,180,298
48201252500,1302,974,573,401,106,295,328,209,119
48201252600,2307,1537,884,653,267,386,770,503,267
48201252700,1416,1127,922,205,35,170,289,115,174
48201252800,2311,1853,1164,689,309,380,458,249,209
48201252900,2830,1992,1503,489,177,312,838,340,498
48201253000,1383,973,546,427,145,282,410,209,201
48201253100,2845,2421,1921,500,190,310,424,208,216
48201253200,3279,2760,1838,922,232,690,519,225,294
48201253300,1201,904,684,220,51,169,297,143,154
48201253400,223,99,72,27,13,14,124,78,46
48201253500,3087,2270,1166,1104,178,926,817,411,406
48201253600,2378,1184,692,492,132,360,1194,676,518
48201253700,2042,1331,895,436,47,389,711,318,393
48201253800,2442,1902,1313,589,95,494,540,236,304
48201253900,1726,1099,606,493,115,378,627,295,332
48201254000,1465,1035,541,494,81,413,430,220,210
48201254100,1703,1227,713,514,126,388,476,281,195
48201254200,856,685,469,216,119,97,171,118,53
48201254300,1722,1139,734,405,83,322,583,281,302
48201254400,871,680,433,247,71,176,191,94,97
48201254500,668,532,290,242,78,164,136,69,67
48201254600,1239,944,744,200,45,155,295,131,164
48201254700,1027,685,498,187,71,116,342,259,83
48201310100,2402,1054,385,669,149,520,1348,813,535
48201310200,800,330,232,98,34,64,470,272,198
48201310300,1835,926,522,404,119,285,909,574,335
48201310400,1388,809,388,421,163,258,579,371,208
48201310500,1371,968,619,349,80,269,403,239,164
48201310600,1886,1425,922,503,125,378,461,226,235
48201310700,1288,791,513,278,55,223,497,249,248
48201310800,836,511,266,245,84,161,325,227,98
48201310900,1750,1112,605,507,204,303,638,351,287
48201311000,1938,1676,1188,488,177,311,262,120,142
48201311100,1713,1312,751,561,194,367,401,283,118
48201311200,1769,1289,657,632,303,329,480,260,220
48201311300,1424,1093,775,318,54,264,331,141,190
48201311400,509,324,205,119,45,74,185,117,68
48201311500,2106,1437,963,474,149,325,669,297,372
48201311600,1368,921,420,501,256,245,447,307,140
48201311700,1787,1269,736,533,142,391,518,384,134
48201311800,1250,1015,595,420,13,407,235,93,142
48201311900,658,443,267,176,60,116,215,143,72
48201312000,824,380,263,117,28,89,444,179,265
48201312100,0,0,0,0,0,0,0,0,0
48201312200,825,408,137,271,48,223,417,252,165
48201312300,753,315,120,195,45,150,438,199,239
48201312400,954,449,137,312,94,218,505,271,234
48201312500,1761,551,338,213,67,146,1210,674,536
48201312600,3623,1602,1306,296,87,209,2021,1171,850
48201312700,934,414,179,235,34,201,520,317,203
48201312800,663,358,50,308,49,259,305,154,151
48201312900,1478,681,352,329,37,292,797,389,408
48201313000,1246,543,213,330,82,248,703,514,189
48201313100,1631,626,533,93,53,40,1005,391,614
48201313200,1737,729,415,314,110,204,1008,540,468
48201313300,940,638,324,314,85,229,302,172,130
48201313400,1119,585,303,282,25,257,534,266,268
48201313500,861,614,203,411,82,329,247,144,103
48201313600,1667,1010,419,591,162,429,657,310,347
48201313700,884,533,224,309,65,244,351,134,217
48201313800,1849,919,249,670,60,610,930,446,484
48201313900,2588,787,432,355,143,212,1801,872,929
48201314001,1683,640,527,113,49,64,1043,647,396
48201314002,3723,1438,984,454,218,236,2285,1494,791
48201314300,2262,957,453,504,92,412,1305,792,513
48201314400,1845,667,584,83,52,31,1178,607,571
48201320100,978,591,324,267,124,143,387,261,126
48201320200,2010,1581,918,663,255,408,429,229,200
48201320500,1301,1200,845,355,117,238,101,48,53
48201320601,815,504,349,155,47,108,311,180,131
48201320602,1338,947,669,278,117,161,391,74,317
48201320700,1425,930,536,394,102,292,495,253,242
48201320800,1520,1293,972,321,105,216,227,77,150
48201320900,2278,1694,1099,595,179,416,584,317,267
48201321000,2577,2025,1303,722,106,616,552,404,148
48201321100,2622,1922,1474,448,80,368,700,359,341
48201321200,1051,790,397,393,54,339,261,233,28
48201321300,2140,1651,830,821,292,529,489,330,159
48201321401,1118,942,745,197,27,170,176,89,87
48201321402,1193,970,750,220,54,166,223,103,120
48201321500,876,608,288,320,109,211,268,119,149
48201321600,1911,1701,1227,474,231,243,210,94,116
48201321700,1000,712,568,144,20,124,288,126,162
48201321800,1084,868,563,305,76,229,216,115,101
48201321900,1590,1303,914,389,81,308,287,220,67
48201322000,1537,1150,483,667,244,423,387,293,94
48201322100,1135,844,504,340,116,224,291,162,129
48201322200,488,373,305,68,17,51,115,75,40
48201322600,1754,1335,875,460,147,313,419,242,177
48201322700,2163,1702,1020,682,254,428,461,261,200
48201322800,1667,1349,947,402,174,228,318,135,183
48201322900,1157,989,618,371,150,221,168,111,57
48201323000,2177,1412,774,638,153,485,765,320,445
48201323100,1101,889,398,491,143,348,212,117,95
48201323200,1586,1217,911,306,58,248,369,175,194
48201323300,1222,777,546,231,89,142,445,240,205
48201323400,2145,1607,1126,481,25,456,538,312,226
48201323500,1851,1187,619,568,163,405,664,559,105
48201323600,3051,1839,1383,456,164,292,1212,510,702
48201323701,1929,1034,550,484,327,157,895,412,483
48201323702,1173,735,474,261,23,238,438,209,229
48201323801,1139,875,652,223,15,208,264,104,160
48201323802,1552,1124,701,423,155,268,428,143,285
48201323900,1476,756,427,329,123,206,720,364,356
48201324000,1903,1528,1224,304,51,253,375,231,144
48201324100,1577,1103,697,406,124,282,474,287,187
48201324200,454,301,167,134,43,91,153,119,34
48201330100,2365,1921,1057,864,44,820,444,197,247
48201330200,1214,924,497,427,39,388,290,99,191
48201330301,1928,1766,1297,469,89,380,162,56,106
48201330302,1509,1258,833,425,134,291,251,140,111
48201330303,1608,966,547,419,168,251,642,333,309
48201330400,1532,1165,765,400,138,262,367,140,227
48201330500,1209,918,461,457,166,291,291,117,174
48201330600,2001,1587,998,589,107,482,414,153,261
48201330700,2170,1876,1231,645,145,500,294,176,118
48201330800,3421,2569,1690,879,98,781,852,298,554
48201330900,3375,2071,1038,1033,268,765,1304,594,710
48201331100,1291,761,230,531,60,471,530,215,315
48201331200,1313,705,205,500,30,470,608,230,378
48201331300,1783,1278,601,677,146,531,505,177,328
48201331400,960,557,41,516,0,516,403,106,297
48201331500,2669,1945,1036,909,177,732,724,303,421
48201331601,2422,1798,682,1116,273,843,624,178,446
48201331602,696,409,150,259,103,156,287,154,133
48201331700,1302,878,389,489,52,437,424,213,211
48201331800,1249,817,330,487,90,397,432,201,231
48201331900,1064,726,344,382,134,248,338,119,219
48201332000,1785,1210,358,852,100,752,575,196,379
48201332100,832,669,311,358,96,262,163,81,82
48201332200,1412,1042,437,605,116,489,370,227,143
48201332300,1000,678,298,380,90,290,322,183,139
48201332400,1326,952,443,509,29,480,374,71,303
48201332500,1069,643,394,249,75,174,426,235,191
48201332600,2085,1630,942,688,125,563,455,210,245
48201332700,739,565,422,143,11,132,174,100,74
48201332800,1363,981,457,524,124,400,382,243,139
48201332900,1361,994,648,346,70,276,367,208,159
48201333000,960,747,495,252,107,145,213,122,91
48201333100,1203,969,542,427,170,257,234,64,170
48201333201,1749,1197,567,630,287,343,552,202,350
48201333202,2435,1221,472,749,86,663,1214,529,685
48201333300,3246,2420,1368,1052,260,792,826,549,277
48201333500,2151,1342,737,605,298,307,809,575,234
48201333600,1028,798,669,129,21,108,230,156,74
48201333700,923,658,417,241,76,165,265,192,73
48201333800,2904,2340,1637,703,189,514,564,257,307
48201333901,2467,2213,1751,462,173,289,254,123,131
48201333902,3001,2235,1440,795,102,693,766,387,379
48201334001,1111,714,207,507,149,358,397,149,248
48201334002,1118,531,409,122,0,122,587,257,330
48201334003,2361,1700,1275,425,188,237,661,348,313
48201334100,4502,2842,1534,1308,255,1053,1660,445,1215
48201340100,2349,1430,906,524,137,387,919,518,401
48201340201,702,420,388,32,0,32,282,120,162
48201340202,1491,1265,1187,78,0,78,226,162,64
48201340203,1904,1362,1156,206,53,153,542,270,272
48201340301,1452,1295,1259,36,0,36,157,43,114
48201340302,2499,2047,1873,174,96,78,452,110,342
48201340400,545,459,417,42,21,21,86,24,62
48201340500,2845,1329,797,532,256,276,1516,990,526
48201340600,992,750,666,84,34,50,242,105,137
48201340700,2657,2025,1458,567,209,358,632,240,392
48201340800,2076,1707,1409,298,52,246,369,264,105
48201340900,1967,1110,761,349,100,249,857,527,330
48201341000,3174,1557,798,759,288,471,1617,701,916
48201341100,1492,619,338,281,149,132,873,439,434
48201341201,1640,859,440,419,179,240,781,377,404
48201341202,2318,1119,741,378,72,306,1199,704,495
48201341301,2668,884,599,285,49,236,1784,919,865
48201341302,1577,653,443,210,53,157,924,525,399
48201341400,1962,1350,1168,182,76,106,612,328,284
48201341501,2614,1551,1311,240,66,174,1063,505,558
48201341502,1880,1054,822,232,63,169,826,500,326
48201341600,2112,1470,1101,369,107,262,642,394,248
48201341700,1060,608,506,102,39,63,452,309,143
48201341800,703,457,287,170,48,122,246,156,90
48201342001,2310,1981,1634,347,125,222,329,136,193
48201342002,1210,920,776,144,12,132,290,139,151
48201342100,1459,1201,958,243,71,172,258,128,130
48201342200,1119,843,536,307,51,256,276,157,119
48201342300,2233,1869,1321,548,151,397,364,215,149
48201342400,1216,858,558,300,80,220,358,220,138
48201342500,2340,1527,1155,372,151,221,813,518,295
48201342700,1777,1401,955,446,111,335,376,210,166
48201342800,2797,2456,1956,500,209,291,341,162,179
48201342900,2061,1724,1288,436,127,309,337,14,323
48201343000,2682,1904,1366,538,281,257,778,282,496
48201343100,1630,1252,941,311,108,203,378,159,219
48201343200,1687,1416,1197,219,158,61,271,115,156
48201343301,1528,1289,999,290,124,166,239,102,137
48201343302,1719,1393,1043,350,66,284,326,178,148
48201343600,1299,886,584,302,116,186,413,224,189
48201343700,1114,818,517,301,39,262,296,204,92
48201350100,5174,4141,3213,928,302,626,1033,464,569
48201350200,2833,2308,1580,728,188,540,525,151,374
48201350300,2052,1721,1474,247,127,120,331,186,145
48201350400,1980,1506,793,713,140,573,474,195,279
48201350500,2351,1872,1115,757,265,492,479,224,255
48201350601,1605,1083,844,239,118,121,522,293,229
48201350602,2963,2431,2136,295,42,253,532,207,325
48201350700,822,667,548,119,24,95,155,71,84
48201350801,1687,1201,700,501,97,404,486,175,311
48201350802,2959,1968,1259,709,229,480,991,367,624
48201410100,2241,723,310,413,85,328,1518,918,600
48201410200,2644,879,635,244,137,107,1765,769,996
48201410300,1491,543,510,33,0,33,948,404,544
48201410401,2239,824,754,70,33,37,1415,746,669
48201410402,1430,553,401,152,94,58,877,509,368
48201410500,2407,865,709,156,59,97,1542,884,658
48201410600,2295,489,335,154,65,89,1806,1223,583
48201410701,2349,635,545,90,42,48,1714,900,814
48201410702,1624,259,185,74,33,41,1365,1019,346
48201410800,2150,696,627,69,0,69,1454,603,851
48201410900,1578,419,292,127,53,74,1159,609,550
48201411000,3018,827,754,73,17,56,2191,1161,1030
48201411100,1636,993,845,148,83,65,643,160,483
48201411200,726,536,523,13,0,13,190,82,108
48201411300,2323,776,577,199,55,144,1547,852,695
48201411400,1208,765,718,47,11,36,443,134,309
48201411501,3665,1043,849,194,30,164,2622,1131,1491
48201411502,2451,743,496,247,149,98,1708,739,969
48201411600,994,712,608,104,90,14,282,125,157
48201411700,1747,459,341,118,51,67,1288,638,650
48201411800,2598,1036,856,180,8,172,1562,579,983
48201411900,1829,844,661,183,53,130,985,508,477
48201412000,1400,913,844,69,38,31,487,298,189
48201412100,0,0,0,0,0,0,0,0,0
48201412200,2152,1299,1196,103,50,53,853,413,440
48201412300,2645,1992,1854,138,21,117,653,306,347
48201412400,1545,1343,1212,131,26,105,202,131,71
48201412500,625,471,431,40,6,34,154,68,86
48201412600,1370,1094,960,134,38,96,276,117,159
48201412700,1354,816,738,78,40,38,538,272,266
48201412800,1731,1386,1237,149,51,98,345,121,224
48201412900,2188,957,691,266,74,192,1231,586,645
48201413000,1564,945,878,67,3,64,619,225,394
48201413100,1149,950,859,91,29,62,199,68,131
48201413201,1623,504,427,77,24,53,1119,458,661
48201413202,1948,647,492,155,34,121,1301,542,759
48201413300,3256,1927,1502,425,138,287,1329,459,870
48201420100,1486,628,257,371,78,293,858,546,312
48201420200,931,636,431,205,61,144,295,152,143
48201420300,1564,881,625,256,40,216,683,248,435
48201420400,1490,912,801,111,22,89,578,286,292
48201420500,1196,837,461,376,77,299,359,196,163
48201420600,958,590,503,87,14,73,368,194,174
48201420700,1214,943,789,154,32,122,271,126,145
48201420800,874,686,626,60,15,45,188,54,134
48201420900,2184,1834,1633,201,152,49,350,155,195
48201421000,966,784,691,93,24,69,182,88,94
48201421101,1508,659,442,217,51,166,849,581,268
48201421102,1533,1100,662,438,210,228,433,303,130
48201421201,1798,860,541,319,163,156,938,708,230
48201421202,1335,811,516,295,101,194,524,495,29
48201421300,2331,1517,922,595,155,440,814,570,244
48201421401,1251,791,429,362,202,160,460,383,77
48201421402,1174,862,552,310,117,193,312,255,57
48201421403,1289,877,570,307,97,210,412,285,127
48201421500,2615,1227,557,670,154,516,1388,795,593
48201421600,2102,1541,790,751,268,483,561,298,263
48201421700,1851,1277,893,384,90,294,574,165,409
48201421800,2524,1194,782,412,114,298,1330,540,790
48201421900,1108,808,735,73,19,54,300,108,192
48201422000,1028,759,624,135,8,127,269,144,125
48201422100,1818,1248,863,385,85,300,570,191,379
48201422200,2092,1081,397,684,119,565,1011,415,596
48201422301,2715,1703,850,853,183,670,1012,531,481
48201422302,931,574,287,287,28,259,357,168,189
48201422401,1761,1002,670,332,83,249,759,371,388
48201422402,1896,1381,789,592,199,393,515,228,287
48201422500,2570,1861,1220,641,164,477,709,482,227
48201422600,2193,1527,923,604,173,431,666,290,376
48201422701,1681,1107,813,294,73,221,574,269,305
48201422702,1117,768,514,254,110,144,349,174,175
48201422800,1261,764,494,270,104,166,497,220,277
48201422900,1715,1035,552,483,122,361,680,350,330
48201423000,1910,1244,726,518,212,306,666,450,216
48201423100,966,475,240,235,41,194,491,387,104
48201423201,1048,701,509,192,18,174,347,91,256
48201423202,2715,1825,798,1027,187,840,890,400,490
48201423301,1914,1240,682,558,60,498,674,395,279
48201423302,2337,1349,756,593,12,581,988,495,493
48201423401,1833,1320,794,526,167,359,513,187,326
48201423402,1399,1034,752,282,22,260,365,147,218
48201423500,708,543,453,90,23,67,165,87,78
48201423600,2356,1640,895,745,123,622,716,269,447
48201430100,3042,1732,1306,426,96,330,1310,700,610
48201430200,737,411,314,97,56,41,326,184,142
48201430300,1533,1318,1243,75,25,50,215,42,173
48201430400,1137,998,961,37,7,30,139,66,73
48201430500,983,665,552,113,7,106,318,164,154
48201430600,1221,1103,1056,47,19,28,118,13,105
48201430700,1578,767,672,95,13,82,811,380,431
48201430800,1987,1344,1157,187,46,141,643,325,318
48201430900,2572,1770,1435,335,57,278,802,261,541
48201431000,2462,1730,1595,135,35,100,732,290,442
48201431101,2094,526,391,135,20,115,1568,991,577
48201431102,1995,683,369,314,0,314,1312,553,759
48201431201,2177,812,590,222,25,197,1365,663,702
48201431202,2520,990,671,319,64,255,1530,1000,530
48201431301,2733,1062,633,429,184,245,1671,1000,671
48201431302,1826,967,818,149,67,82,859,400,459
48201431401,1188,371,235,136,0,136,817,358,459
48201431402,2232,597,421,176,36,140,1635,808,827
48201431501,2413,632,559,73,14,59,1781,567,1214
48201431502,1781,942,848,94,16,78,839,464,375
48201431600,1628,823,752,71,57,14,805,228,577
48201431700,2034,1384,1294,90,45,45,650,238,412
48201431801,1784,733,670,63,9,54,1051,699,352
48201431802,2035,667,444,223,15,208,1368,845,523
48201431900,2210,638,553,85,0,85,1572,831,741
48201432001,1894,676,522,154,33,121,1218,679,539
48201432002,2332,1045,707,338,134,204,1287,807,480
48201432100,2380,1415,926,489,174,315,965,557,408
48201432200,2086,876,746,130,7,123,1210,714,496
48201432300,3370,1555,933,622,182,440,1815,1026,789
48201432400,2912,1169,506,663,218,445,1743,702,1041
48201432500,2396,1304,800,504,103,401,1092,671,421
48201432600,819,520,329,191,38,153,299,166,133
48201432701,2049,1337,675,662,282,380,712,548,164
48201432702,1489,762,475,287,145,142,727,334,393
48201432801,2016,1080,553,527,124,403,936,683,253
48201432802,2352,1231,554,677,204,473,1121,665,456
48201432901,1061,773,421,352,76,276,288,228,60
48201432902,2335,1616,945,671,210,461,719,512,207
48201433001,1829,1179,744,435,193,242,650,477,173
48201433002,1500,1029,678,351,111,240,471,298,173
48201433003,1704,1194,760,434,138,296,510,325,185
48201433100,1131,832,445,387,109,278,299,249,50
48201433201,1819,1211,690,521,190,331,608,283,325
48201433202,1308,1039,670,369,152,217,269,121,148
48201433300,1669,1274,806,468,178,290,395,175,220
48201433400,1711,1054,637,417,174,243,657,501,156
48201433501,1703,1059,429,630,132,498,644,483,161
48201433502,2213,1270,614,656,167,489,943,733,210
48201433600,1867,966,421,545,144,401,901,498,403
48201440100,2490,1656,1113,543,238,305,834,518,316
48201450100,738,508,377,131,4,127,230,47,183
48201450200,1623,1348,1203,145,31,114,275,71,204
48201450300,2797,1742,1204,538,132,406,1055,504,551
48201450400,2167,1213,787,426,92,334,954,398,556
48201450500,1209,965,931,34,14,20,244,134,110
48201450600,1705,1139,924,215,83,132,566,225,341
48201450700,2375,1925,1753,172,58,114,450,187,263
48201450801,1086,345,218,127,0,127,741,407,334
48201450802,2820,1914,1315,599,79,520,906,414,492
48201450900,1160,804,617,187,67,120,356,109,247
48201451001,2265,1248,766,482,68,414,1017,396,621
48201451002,2340,1341,480,861,30,831,999,607,392
48201451100,2067,1052,862,190,16,174,1015,325,690
48201451200,1086,901,735,166,36,130,185,66,119
48201451300,2869,1931,1645,286,37,249,938,380,558
48201451401,1771,859,653,206,2,204,912,514,398
48201451402,2592,1065,566,499,76,423,1527,856,671
48201451403,2437,1101,687,414,115,299,1336,667,669
48201451500,2569,1141,792,349,98,251,1428,799,629
48201451601,2869,1749,1565,184,42,142,1120,421,699
48201451602,2864,2047,1651,396,94,302,817,544,273
48201451700,1637,868,476,392,107,285,769,377,392
48201451800,2039,1447,915,532,161,371,592,221,371
48201451901,3155,1843,826,1017,272,745,1312,660,652
48201451902,879,681,519,162,77,85,198,136,62
48201452000,3533,1875,1148,727,94,633,1658,773,885
48201452100,4274,2356,1610,746,91,655,1918,892,1026
48201452201,2663,962,511,451,70,381,1701,801,900
48201452202,1441,409,184,225,111,114,1032,581,451
48201452300,713,536,392,144,35,109,177,95,82
48201452400,2413,1951,1174,777,170,607,462,260,202
48201452500,2467,1944,1170,774,337,437,523,203,320
48201452600,2231,1854,1116,738,119,619,377,220,157
48201452700,3419,2528,1720,808,147,661,891,295,596
48201452801,1889,1375,748,627,177,450,514,261,253
48201452802,1788,1375,656,719,202,517,413,244,169
48201452900,1194,950,696,254,105,149,244,182,62
48201453000,2029,1750,1065,685,293,392,279,137,142
48201453100,1543,1041,484,557,166,391,502,306,196
48201453200,2609,1805,1078,727,277,450,804,498,306
48201453300,1296,619,258,361,114,247,677,371,306
48201453401,1029,772,490,282,119,163,257,104,153
48201453402,2498,1726,1123,603,232,371,772,554,218
48201453403,1376,776,378,398,71,327,600,355,245
48201453501,2022,1553,958,595,187,408,469,217,252
48201453502,1057,802,474,328,132,196,255,119,136
48201453601,673,521,307,214,72,142,152,112,40
48201453602,2460,1699,1094,605,37,568,761,348,413
48201453700,2431,1727,943,784,258,526,704,372,332
48201453800,1069,864,587,277,87,190,205,103,102
48201453900,2842,2345,1612,733,215,518,497,318,179
48201454000,1300,1176,811,365,173,192,124,36,88
48201454100,1130,944,676,268,64,204,186,91,95
48201454200,1183,942,709,233,110,123,241,127,114
48201454301,4470,2709,1680,1029,160,869,1761,1018,743
48201454302,2327,1712,989,723,212,511,615,258,357
48201454400,274,117,82,35,9,26,157,108,49
48201454501,2832,2530,2390,140,52,88,302,125,177
48201454502,797,693,603,90,39,51,104,61,43
48201454600,2089,1289,971,318,36,282,800,380,420
48201454700,2395,2128,1850,278,112,166,267,92,175
48201454800,2760,1922,1502,420,62,358,838,396,442
48201454900,3663,2859,2358,501,102,399,804,367,437
48201455000,972,686,541,145,77,68,286,230,56
48201455101,2558,1705,1325,380,85,295,853,397,456
48201455102,1060,959,804,155,0,155,101,31,70
48201455200,1432,1109,789,320,34,286,323,149,174
48201455300,1642,987,809,178,28,150,655,369,286
48201510100,995,449,329,120,44,76,546,323,223
48201510200,3449,817,512,305,125,180,2632,1296,1336
48201510300,2521,1333,1034,299,129,170,1188,669,519
48201510400,1947,758,598,160,33,127,1189,648,541
48201510500,1473,688,587,101,44,57,785,499,286
48201510600,2316,971,796,175,61,114,1345,750,595
48201510700,2272,690,565,125,61,64,1582,876,706
48201510800,3921,2037,1902,135,28,107,1884,1069,815
48201510900,2995,1591,1126,465,258,207,1404,882,522
48201511001,1340,618,504,114,34,80,722,392,330
48201511002,2233,1029,780,249,104,145,1204,725,479
48201511100,1349,593,378,215,70,145,756,432,324
48201511200,2357,1133,874,259,87,172,1224,589,635
48201511301,1830,1010,783,227,71,156,820,445,375
48201511302,1952,965,756,209,27,182,987,516,471
48201511400,1487,708,470,238,80,158,779,502,277
48201511500,2869,1560,1087,473,137,336,1309,748,561
48201511600,1532,787,516,271,36,235,745,342,403
48201520100,851,490,407,83,38,45,361,234,127
48201520200,1389,930,816,114,56,58,459,198,261
48201520300,1732,973,657,316,55,261,759,473,286
48201520400,1109,572,367,205,54,151,537,268,269
48201520500,2753,2013,1296,717,119,598,740,452,288
48201520601,768,553,292,261,46,215,215,125,90
48201520602,1878,1365,685,680,241,439,513,282,231
48201520700,1289,880,575,305,126,179,409,172,237
48201521000,612,380,211,169,53,116,232,179,53
48201521100,675,452,259,193,85,108,223,148,75
48201521200,2010,1373,688,685,205,480,637,339,298
48201521300,1857,1297,793,504,104,400,560,284,276
48201521400,1946,1529,680,849,319,530,417,312,105
48201521500,1825,1412,955,457,52,405,413,294,119
48201521600,1050,821,632,189,72,117,229,127,102
48201521700,2972,1477,807,670,166,504,1495,1021,474
48201521800,1804,1156,825,331,52,279,648,361,287
48201521900,2446,1682,1203,479,67,412,764,321,443
48201522000,1939,1054,581,473,168,305,885,356,529
48201522100,2569,1692,1052,640,122,518,877,456,421
48201522201,1280,1077,687,390,88,302,203,96,107
48201522202,1237,965,500,465,237,228,272,132,140
48201522301,1503,893,520,373,153,220,610,277,333
48201522302,1318,922,566,356,74,282,396,261,135
48201522401,1869,1331,838,493,293,200,538,381,157
48201522402,1129,843,691,152,42,110,286,147,139
48201522500,1723,1371,1180,191,57,134,352,147,205
48201530100,2461,1527,812,715,218,497,934,608,326
48201530200,1635,1020,858,162,3,159,615,250,365
48201530300,872,467,181,286,49,237,405,130,275
48201530400,908,460,247,213,78,135,448,283,165
48201530500,1491,1064,414,650,114,536,427,206,221
48201530600,1127,684,342,342,86,256,443,298,145
48201530700,1779,1349,613,736,72,664,430,231,199
48201530800,1526,935,560,375,49,326,591,298,293
48201530900,1671,1167,876,291,175,116,504,212,292
48201531000,1558,917,726,191,68,123,641,335,306
48201531100,1196,760,653,107,10,97,436,134,302
48201531200,1275,720,570,150,29,121,555,267,288
48201531300,2174,1003,529,474,182,292,1171,485,686
48201531400,947,458,340,118,15,103,489,246,243
48201531500,1180,697,591,106,19,87,483,129,354
48201531600,1122,771,665,106,43,63,351,178,173
48201531700,1262,841,635,206,53,153,421,167,254
48201531800,743,497,261,236,52,184,246,135,111
48201531900,1692,1069,421,648,63,585,623,354,269
48201532001,2362,1153,587,566,100,466,1209,546,663
48201532002,406,310,279,31,2,29,96,25,71
48201532100,2500,1422,824,598,207,391,1078,711,367
48201532200,1145,719,386,333,59,274,426,227,199
48201532300,2623,1527,808,719,151,568,1096,676,420
48201532400,2092,1455,971,484,42,442,637,345,292
48201532501,2528,2143,1451,692,261,431,385,161,224
48201532502,1565,1243,949,294,147,147,322,155,167
48201532600,2271,1489,906,583,229,354,782,450,332
48201532700,2021,1329,800,529,92,437,692,441,251
48201532800,578,390,205,185,55,130,188,53,135
48201532900,1434,1198,733,465,185,280,236,116,120
48201533000,893,588,154,434,159,275,305,170,135
48201533100,2247,1585,903,682,116,566,662,367,295
48201533200,1147,743,509,234,21,213,404,294,110
48201533300,2182,1351,504,847,93,754,831,228,603
48201533400,2839,2390,1301,1089,290,799,449,195,254
48201533500,1307,1104,736,368,110,258,203,12,191
48201533600,1785,1278,687,591,171,420,507,234,273
48201533701,1620,1231,666,565,157,408,389,249,140
48201533702,906,795,485,310,97,213,111,43,68
48201533801,2535,2057,1342,715,303,412,478,263,215
48201533802,1605,1440,842,598,160,438,165,88,77
48201533901,2541,2354,1491,863,145,718,187,81,106
48201533902,1604,1104,530,574,41,533,500,121,379
48201534001,954,703,400,303,111,192,251,189,62
48201534002,1448,1206,730,476,141,335,242,114,128
48201534003,743,586,347,239,96,143,157,128,29
48201534100,2188,1867,1426,441,148,293,321,208,113
48201534201,830,598,300,298,170,128,232,156,76
48201534202,3890,2245,1724,521,191,330,1645,819,826
48201534203,625,468,374,94,2,92,157,98,59
48201540100,3942,3279,2932,347,86,261,663,284,379
48201540200,1018,656,330,326,130,196,362,140,222
48201540501,2481,1601,1074,527,147,380,880,552,328
48201540502,1816,1454,1146,308,68,240,362,136,226
48201540601,1414,1131,947,184,13,171,283,233,50
48201540602,2226,1783,963,820,155,665,443,207,236
48201540700,2303,1987,1601,386,95,291,316,117,199
48201540800,2479,2077,1401,676,108,568,402,277,125
48201540901,974,720,567,153,13,140,254,150,104
48201540902,3104,1791,1358,433,29,404,1313,609,704
48201541001,4067,2754,1941,813,254,559,1313,803,510
48201541002,2633,2214,1827,387,224,163,419,189,230
48201541003,4341,3649,2997,652,95,557,692,445,247
48201541100,2318,2042,1777,265,16,249,276,38,238
48201541201,2926,2373,2013,360,96,264,553,379,174
48201541202,2880,2547,2056,491,118,373,333,118,215
48201541203,1000,843,721,122,34,88,157,42,115
48201541300,3574,2930,1818,1112,412,700,644,243,401
48201541400,4726,3992,2789,1203,439,764,734,301,433
48201541500,1580,1295,1042,253,156,97,285,93,192
48201541601,1825,1527,1332,195,45,150,298,143,155
48201541602,3101,2334,1593,741,208,533,767,454,313
48201541700,4162,2357,1640,717,281,436,1805,1044,761
48201541800,2265,1459,1223,236,13,223,806,259,547
48201541900,2160,1844,1471,373,190,183,316,112,204
48201542000,4519,3784,2825,959,81,878,735,401,334
48201542101,5432,4570,3612,958,118,840,862,371,491
48201542102,4463,3864,2333,1531,102,1429,599,249,350
48201542200,5161,4452,3034,1418,573,845,709,499,210
48201542301,3741,3308,2475,833,186,647,433,195,238
48201542302,2314,1791,1339,452,56,396,523,167,356
48201542400,3214,2479,1818,661,166,495,735,304,431
48201542500,1091,736,677,59,24,35,355,137,218
48201542600,1518,1268,1066,202,22,180,250,186,64
48201542700,1610,1154,890,264,9,255,456,156,300
48201542800,2368,1966,1496,470,227,243,402,173,229
48201542900,4260,3242,2422,820,232,588,1018,447,571
48201543001,3037,2703,2435,268,117,151,334,178,156
48201543002,4671,3921,3635,286,29,257,750,354,396
48201543003,5731,4398,3471,927,327,600,1333,505,828
48201543100,782,663,537,126,81,45,119,76,43
48201543200,2365,1652,1076,576,117,459,713,418,295
48201550100,1792,1213,418,795,119,676,579,360,219
48201550200,1558,942,409,533,186,347,616,288,328
48201550301,3132,1982,750,1232,253,979,1150,456,694
48201550302,3980,2559,1378,1181,266,915,1421,639,782
48201550401,4416,2821,1695,1126,231,895,1595,970,625
48201550402,3476,2543,1356,1187,470,717,933,615,318
48201550500,1778,1212,715,497,163,334,566,311,255
48201550601,1814,1626,1047,579,137,442,188,121,67
48201550602,837,695,496,199,25,174,142,69,73
48201550603,1632,1415,838,577,178,399,217,93,124
48201550700,901,716,475,241,52,189,185,56,129
48201550800,1014,902,416,486,121,365,112,38,74
48201550900,2584,2033,1347,686,212,474,551,377,174
48201551000,842,714,443,271,40,231,128,56,72
48201551100,3412,2580,1548,1032,176,856,832,476,356
48201551200,2363,1884,1315,569,104,465,479,158,321
48201551300,1157,1054,812,242,65,177,103,70,33
48201551400,1991,1427,1009,418,145,273,564,322,242
48201551500,2990,2116,1346,770,92,678,874,513,361
48201551600,2685,1934,1443,491,180,311,751,294,457
48201551701,3292,2188,1607,581,104,477,1104,560,544
48201551702,1297,1111,978,133,55,78,186,16,170
48201551703,2808,1889,1647,242,64,178,919,447,472
48201551800,1799,1341,1194,147,59,88,458,179,279
48201551900,2948,1369,748,621,101,520,1579,815,764
48201552001,3679,2332,1706,626,184,442,1347,435,912
48201552002,635,480,292,188,84,104,155,98,57
48201552101,1515,995,606,389,180,209,520,302,218
48201552102,2119,1687,1337,350,74,276,432,261,171
48201552103,1019,816,614,202,96,106,203,161,42
48201552200,2311,1420,946,474,12,462,891,461,430
48201552301,1552,1102,904,198,36,162,450,178,272
48201552302,2028,1385,1127,258,31,227,643,278,365
48201552400,2780,1817,1227,590,60,530,963,533,430
48201552500,3565,2798,1739,1059,399,660,767,382,385
48201552601,1935,1360,683,677,20,657,575,210,365
48201552602,2845,1579,1355,224,23,201,1266,633,633
48201552700,3758,1825,1334,491,101,390,1933,1038,895
48201552800,4140,2479,2070,409,14,395,1661,493,1168
48201552900,3489,2163,1478,685,126,559,1326,676,650
48201553001,2016,1579,1204,375,122,253,437,128,309
48201553002,1625,1319,989,330,206,124,306,184,122
48201553100,2285,1400,923,477,148,329,885,523,362
48201553200,2614,1586,771,815,154,661,1028,444,584
48201553300,2501,1247,443,804,104,700,1254,511,743
48201553401,1484,1133,1046,87,54,33,351,216,135
48201553402,2699,2243,1923,320,132,188,456,300,156
48201553403,2168,1838,1470,368,88,280,330,177,153
48201553500,2328,1756,1413,343,47,296,572,321,251
48201553600,2521,1858,1544,314,77,237,663,448,215
48201553700,1486,1212,891,321,85,236,274,131,143
48201553801,852,726,689,37,12,25,126,89,37
48201553802,3038,2191,1652,539,227,312,847,348,499
48201553900,2639,2238,1783,455,267,188,401,176,225
48201554001,1443,996,784,212,82,130,447,277,170
48201554002,1525,1372,1240,132,79,53,153,25,128
48201554101,421,383,334,49,38,11,38,14,24
48201554102,3290,2667,2196,471,128,343,623,331,292
48201554200,2990,1836,1332,504,156,348,1154,697,457
48201554301,2625,2178,1805,373,170,203,447,279,168
48201554302,1597,1206,942,264,81,183,391,151,240
48201554401,4772,4156,3745,411,96,315,616,178,438
48201554402,4290,3647,3248,399,116,283,643,217,426
48201554403,3088,2556,2140,416,35,381,532,386,146
48201554501,1982,1809,1500,309,79,230,173,47,126
48201554502,2088,1880,1615,265,58,207,208,145,63
48201554600,1623,1280,1179,101,44,57,343,183,160
48201554700,2900,2058,1780,278,72,206,842,482,360
48201554801,4765,3761,2953,808,296,512,1004,689,315
48201554802,5311,4353,3878,475,233,242,958,517,441
48201554901,2444,2167,1801,366,109,257,277,144,133
48201554902,2448,1995,1779,216,38,178,453,316,137
48201554903,3714,3269,2862,407,150,257,445,121,324
48201555000,2402,1856,1357,499,105,394,546,379,167
48201555100,3075,2266,1643,623,133,490,809,453,356
48201555200,2429,1688,1267,421,65,356,741,411,330
48201555301,300,236,236,0,0,0,64,45,19
48201555302,4882,4240,3877,363,25,338,642,386,256
48201555303,1906,1556,1167,389,84,305,350,128,222
48201555401,962,764,580,184,11,173,198,97,101
48201555402,2913,1647,1183,464,91,373,1266,479,787
48201555501,1425,1102,817,285,139,146,323,275,48
48201555502,6565,5280,4660,620,265,355,1285,698,587
48201555600,1684,1458,1308,150,0,150,226,124,102
48201555701,2365,2198,1781,417,255,162,167,58,109
48201555702,3363,2951,2794,157,20,137,412,209,203
48201556000,2237,1863,1388,475,151,324,374,224,150
48201980000,8,0,0,0,0,0,8,8,0
48201980100,274,250,50,200,26,174,24,16,8
